437994564 71 3234 3234.11
391624171 8 1528.3 1529.3
391624171 35 2265.3 2267.2
391624171  63 3039.5 3041
391624171  62 2988.6 2989.6
12149245 14 1708.1 1710.3
12149245 15 1724.8 1725.8
12149245 15 1735 1740
21931623   12 1628.4 1629.3
21931623   12 1643 1643.6
246081184  39 2388.9 2389.7
464253921 36 2292.5 2293.5
465735344  63 3040.2 3041
466880470  37 2317.8 2319.1
466880470  37 2331.7 2332.6
127217595 92 3813.9 3814.9
13966711  82 3557.7 3559.3
214023174  80 3505.5 3506.4
385241538  80 3505.5 3506.4
246962305  39 2374.6 2377.1
125545415  39 2388.8 2389.7
192821454  39 2388.5 2389.7
13252478 75 3339.7 3341.1
21522516  39 2388.7 2389.7
246081184 39 2388.9 2389.7
189167200 66 3110.4 3112.0
155501095 91 3788.6 3789.3
155501095 93 3836.5 3836.6
155501095 93 3849.7 3850.2
127217595 91 3802.4 3802.8
375106780 81 3518.24 3519.3
313555973 16 1738.6 1739.4
313555973 16 1743.4 1744.6
313555973 16 1757.0 1759.2
313555973 17 1764.6 1765.9
313555973 24 1955.3 1956.8
313555973 24 1969.0 1970.5
313555973 57 2866.3 2867.8
313555973 77 3417.0 3417.4
313555973 84 3584.5 3585.4
470694175 17 1777.7 1778.2
470694175 18 1790.6 1791.2
470694175 24 1955.7 1956.6
470694175 24 1969.0 1970.5
470694175 57 2866.3 2867.3
470694175 58 2895.4 2896.1
470694175 58 2881.8 2882.8
470694175 58 2909.3 2910.3
470694175 78 3434.4 3436.3
470694175 85 3610.5 3611.2
65366071 17 1786.6 1787.9
65366071 24 1955.7 1955.8
65366071 24 1969.2 1970.3
65366071 78 3434.1 3435.3
65366071 57 2866.3 2867.7
65366071 58 2896.7 2897.4 
65366071 58 2910.0 2910.1
65366071 77 3395.4 3397.4
65366071 78 3434.0 3435.5
65366071 78 3445.5 3445.6
65366071 84 3597.5 3599.0 
65366071 85 3610.5 3612.0
65366071 85 3623.4 3624.3
65366071 85 3627 3630.8
17130641 41 2424.3 2426.3
17130641 55 2809.2 2810.0
380480505 38 2345.7 2348.0
380480505 65 3082.6 3083.8
380480505 65 3089.5 3091.3
380480505 65 3094.5 3096.7
306916925 63 3014.1 3015.9
306916925 63 3033.8 3035
306916925 63 3039.5 3041
306916925 64 3041.0 3043.2
306916925 64 3048.2 3049.0
306916925 64 3053.3 3056.9
306916925 64 3061.6 3064.3
306916925 90 3753.8 3755.0
306916925 90 3760.8 3763.0
306916925 90 3768.3 3770.0
306916925 100 4086.0 4087.5
306916925 100 4092.8 4094.2
306916925 100 4099.25 4099.37
126441970 34 2240.2 2241.2
